*node
   1,        0.000,  0.,  0.
   2,        0.100,  0.,  0.
   3,        0.200,  0.,  0.
   4,        0.300,  0.,  0.
   5,        0.400,  0.,  0.
   6,        0.500,  0.,  0.
   7,        0.600,  0.,  0.
   8,        0.700,  0.,  0.
   9,        0.800,  0.,  0.
  10,        0.900,  0.,  0.
  11,        1.000,  0.,  0.
*element, eltype=T1D2
   1,      1,   2,      0.100
   2,      2,   3,      0.100
   3,      3,   4,      0.100
   4,      4,   5,      0.100
   5,      5,   6,      0.100
   6,      6,   7,      0.100
   7,      7,   8,      0.100
   8,      8,   9,      0.100
   9,      9,  10,      0.100
  10,     10,  11,      0.100
*material
   1.00e+03,  0.2
*loading
   7, 1,    1.000
  10, 1,    1.000
*boundary
   1, 1,    0.000