*node
   1,        0.0,  0.0,  0.
   2,        0.0,  1.0,  0.
   3,        0.0,  2.0,  0.
   4,        1.6,  0.0,  0.
   5,        1.6,  1.0,  0.
   6,        1.6,  2.0,  0.
   7,        3.2,  0.0,  0.
   8,        3.2,  1.0,  0.
   9,        3.2,  2.0,  0.
  10,        4.8,  0.0,  0.
  11,        4.8,  1.0,  0.
  12,        4.8,  2.0,  0.
*element, eltype=CPE4
    1,  1,4,5,2,    0.09
    2,  2,5,6,3,    0.09
    3,  4,7,8,5,    0.09
    4,  5,8,9,6,    0.09
    5,  7,10,11,8,  0.09
    6,  8,11,12,9,  0.09
*material
   175e+03,  0.22
*loading
    1, 1, -0.017
    2, 1, -0.034
    3, 1, -0.017
*boundary
   10, 1, 0.0
   11, 1, 0.0
   11, 2, 0.0
   12, 1, 0.0
